CASAL (C++ algorithmic stock assessment laboratory)
Call: casal -e -O C:/Users/STA384/Documents/GitHub/planetfish2_bugs/Output/TOA_bug_1/casalout_mpd.dat -f C:/Users/STA384/Documents/GitHub/planetfish2_bugs/Output/TOA_bug_1/casal_ 
Date: Mon May 27 11:43:09 2019
v2.30-2012-03-21 00:22:59 UTC (rev.4648)  (c) Copyright 2002-2012, NIWA
User name: STA384
Machine name: MACKEREL-HF (Microsoft Windows, PID=18840)

Prefix for the input parameter filenames : C:/Users/STA384/Documents/GitHub/planetfish2_bugs/Output/TOA_bug_1/casal_

Random number seed : 21389

Estimation parameters:
Stored as strings: 
  MCMC.adapt_at                 	1e+05 2e+05 3e+05 4e+05
  MCMC.adaptive_stepsize        	True
  MCMC.burn_in                  	500
  MCMC.keep                     	1000
  MCMC.length                   	1500000
  MCMC.start                    	0
  MCMC.stepsize                 	0.01
  ageing_error.c                	0
  ageing_error.type             	normal
  catch_at[LL_catchA].2000      	0 0 0 0 0 0 0.1 0.1 0 0.2 0.4 0 0.1 0 0 0 0 0 0.1 0 0
  catch_at[LL_catchA].2001      	0 0 0 0 0 0 0 0.2 0.2 0 0.3 0.1 0.1 0 0 0 0 0.1 0 0 0
  catch_at[LL_catchA].2002      	0 0 0 0 0 0 0 0.1 0.2 0.2 0.1 0.2 0.1 0 0.1 0 0 0 0 0 0
  catch_at[LL_catchA].2003      	0 0 0 0 0 0 0.1 0.1 0.3 0 0.1 0 0 0.1 0.2 0 0 0 0 0 0.1
  catch_at[LL_catchA].2004      	0 0 0 0 0 0 0.2 0 0.2 0.1 0.4 0 0 0 0.1 0 0 0 0 0 0
  catch_at[LL_catchA].2005      	0 0 0 0 0 0.1 0 0.1 0.3 0 0.2 0 0.2 0.1 0 0 0 0 0 0 0
  catch_at[LL_catchA].2006      	0 0 0 0 0 0.1 0.1 0.3 0 0 0 0.1 0 0.1 0.1 0 0 0.1 0.1 0 0
  catch_at[LL_catchA].2007      	0 0 0 0 0 0 0 0.4 0.1 0.1 0.3 0.1 0 0 0 0 0 0 0 0 0
  catch_at[LL_catchA].2008      	0 0 0 0 0 0 0 0.2 0.3 0.1 0.1 0 0.2 0.1 0 0 0 0 0 0 0
  catch_at[LL_catchA].2009      	0 0 0 0 0 0 0.1 0.1 0.2 0.2 0.1 0.1 0 0.1 0 0 0 0 0.1 0 0
  catch_at[LL_catchA].2010      	0 0 0 0 0 0 0 0.1 0.2 0.1 0.1 0 0.1 0.2 0 0.2 0 0 0 0 0
  catch_at[LL_catchA].N_2000    	100
  catch_at[LL_catchA].N_2001    	100
  catch_at[LL_catchA].N_2002    	100
  catch_at[LL_catchA].N_2003    	100
  catch_at[LL_catchA].N_2004    	100
  catch_at[LL_catchA].N_2005    	100
  catch_at[LL_catchA].N_2006    	100
  catch_at[LL_catchA].N_2007    	100
  catch_at[LL_catchA].N_2008    	100
  catch_at[LL_catchA].N_2009    	100
  catch_at[LL_catchA].N_2010    	100
  catch_at[LL_catchA].at_size   	False
  catch_at[LL_catchA].dist      	multinomial
  catch_at[LL_catchA].fishery   	LL
  catch_at[LL_catchA].max_class 	21
  catch_at[LL_catchA].min_class 	1
  catch_at[LL_catchA].plus_group	True
  catch_at[LL_catchA].r         	1e-11
  catch_at[LL_catchA].sexed     	False
  catch_at[LL_catchA].sum_to_one	False
  catch_at[LL_catchA].years     	2000 2001 2002 2003 2004 2005 2006 2007 2008 2009 2010
  catch_limit_penalty[1].fishery	LL
  catch_limit_penalty[1].label  	LL_Penalty
  catch_limit_penalty[1].log_scale	True
  catch_limit_penalty[1].multiplier	1000
  estimate[1].lower_bound       	1
  estimate[1].parameter         	q[qLL].q
  estimate[1].phase             	1
  estimate[1].prior             	uniform
  estimate[1].upper_bound       	1
  estimate[2].lower_bound       	5000
  estimate[2].parameter         	initialization.B0
  estimate[2].prior             	uniform
  estimate[2].upper_bound       	5e+05
  estimate[3].cv                	1 1 1 1 1 1 1 1 1 1 1 1 1 1 1 1 1 1 1 1 1
  estimate[3].lower_bound       	0.001 0.001 0.001 0.001 0.001 0.001 0.001 0.001 0.001 0.001 0.001 0.001 0.001 0.001 0.001 0.001 0.001 0.001 1 1 1
  estimate[3].mu                	1 1 1 1 1 1 1 1 1 1 1 1 1 1 1 1 1 1 1 1 1
  estimate[3].parameter         	recruitment.YCS
  estimate[3].prior             	lognormal
  estimate[3].upper_bound       	100 100 100 100 100 100 100 100 100 100 100 100 100 100 100 100 100 100 1 1 1
  estimator                     	Bayes
  fish_tagged_penalty[1].label  	Penalty_Tags2005_R1_LL
  fish_tagged_penalty[1].multiplier	1
  fish_tagged_penalty[1].tagging_episode	Tags2005_R1_LL
  fish_tagged_penalty[2].label  	Penalty_Tags2006_R1_LL
  fish_tagged_penalty[2].multiplier	1
  fish_tagged_penalty[2].tagging_episode	Tags2006_R1_LL
  fish_tagged_penalty[3].label  	Penalty_Tags2007_R1_LL
  fish_tagged_penalty[3].multiplier	1
  fish_tagged_penalty[3].tagging_episode	Tags2007_R1_LL
  fish_tagged_penalty[4].label  	Penalty_Tags2008_R1_LL
  fish_tagged_penalty[4].multiplier	1
  fish_tagged_penalty[4].tagging_episode	Tags2008_R1_LL
  fish_tagged_penalty[5].label  	Penalty_Tags2009_R1_LL
  fish_tagged_penalty[5].multiplier	1
  fish_tagged_penalty[5].tagging_episode	Tags2009_R1_LL
  grad_tol                      	0.001
  max_evals                     	10000
  max_iters                     	1600
  profile[1].l                  	40000
  profile[1].n                  	11
  profile[1].parameter          	initialization.B0
  profile[1].u                  	130000
  q_method                      	nuisance
  tag_recapture[Tags2006_R1_R1].area	R1
  tag_recapture[Tags2006_R1_R1].class_mins	100 150 200 250 300 350 400 450 500 550 600 650 700 750 800 850 900 950 1000 1050 1100 1150 1200 1250 1300 1350 1400 1450 1500 1550 1600 1650 1700 1750 1800 1850 1900 1950 2000 2050 2100 2150 2200 2250 2300 2350 2400 2450 2500 2550 2600 2650 2700 2750 2800 2850 2900 2950 3000 3050
  tag_recapture[Tags2006_R1_R1].detection_probability	1
  tag_recapture[Tags2006_R1_R1].dispersion	1
  tag_recapture[Tags2006_R1_R1].do_bootstrap	True
  tag_recapture[Tags2006_R1_R1].plus_group	False
  tag_recapture[Tags2006_R1_R1].proportion_mortality	0.5
  tag_recapture[Tags2006_R1_R1].r	1e-11
  tag_recapture[Tags2006_R1_R1].recaptured_2007	0 0 0 0 0 0 0 0 0 0 0 0 0 0 0 0 0 0 0 0 0 0.1 0.1 0.1 0.1 0.1 0.1 0.1 0.1 0 0 0 0 0 0 0 0 0 0 0 0 0 0 0 0 0 0 0 0 0 0 0 0 0 0 0 0 0 0
  tag_recapture[Tags2006_R1_R1].recaptured_2008	0 0 0 0 0 0 0 0 0 0 0 0 0 0 0 0 0 0 0 0 0 0 0 0 0 0 0 0 0 0 0 0 0 0 0 0 0 0 0 0 0 0 0 0 0 0 0 0 0 0 0 0 0 0 0 0 0 0 0
  tag_recapture[Tags2006_R1_R1].recaptured_2009	0 0 0 0 0 0 0 0 0 0 0 0 0 0 0 0 0 0 0 0 0 0 0 0 0 0 0 0 0 0 0 0 0 0 0 0 0 0 0 0 0 0 0 0 0 0 0 0 0 0 0 0 0 0 0 0 0 0 0
  tag_recapture[Tags2006_R1_R1].recaptured_2010	0 0 0 0 0 0 0 0 0 0 0 0 0 0 0 0 0 0 0 0 0 0 0 0 0 0 0 0 0 0 0 0 0 0 0 0 0 0 0 0 0 0 0 0 0 0 0 0 0 0 0 0 0 0 0 0 0 0 0
  tag_recapture[Tags2006_R1_R1].sample	size
  tag_recapture[Tags2006_R1_R1].scanned_2007	0 0 0 0 0 0 0 4 10 30 88 230 552 1204 2388 4310 7088 10658 14694 18638 21836 23728 24024 22774 20316 17134 13722 10472 7636 5326 3556 2270 1386 808 448 236 118 56 26 10 4 2 0 0 0 0 0 0 0 0 0 0 0 0 0 0 0 0 0
  tag_recapture[Tags2006_R1_R1].scanned_2008	0 0 0 0 0 0 0 4 10 30 88 234 560 1224 2428 4378 7196 10812 14892 18870 22076 23948 24202 22892 20368 17128 13674 10400 7554 5250 3490 2220 1350 782 432 228 114 54 24 10 4 2 0 0 0 0 0 0 0 0 0 0 0 0 0 0 0 0 0
  tag_recapture[Tags2006_R1_R1].scanned_2009	0 0 0 0 0 0 0 4 10 32 90 238 570 1244 2466 4446 7304 10966 15090 19096 22310 24162 24370 23000 20412 17118 13622 10326 7474 5176 3428 2174 1316 760 418 220 110 52 24 10 4 2 0 0 0 0 0 0 0 0 0 0 0 0 0 0 0 0 0
  tag_recapture[Tags2006_R1_R1].scanned_2010	0 0 0 0 0 0 0 4 10 32 92 242 580 1266 2506 4516 7414 11120 15286 19320 22540 24372 24534 23102 20452 17102 13568 10252 7396 5104 3370 2128 1284 740 406 212 106 50 22 10 4 2 0 0 0 0 0 0 0 0 0 0 0 0 0 0 0 0 0
  tag_recapture[Tags2006_R1_R1].step	1
  tag_recapture[Tags2006_R1_R1].tag_name	Tags2006_R1
  tag_recapture[Tags2006_R1_R1].years	2007 2008 2009 2010
  tag_recapture[Tags2007_R1_R1].area	R1
  tag_recapture[Tags2007_R1_R1].class_mins	100 150 200 250 300 350 400 450 500 550 600 650 700 750 800 850 900 950 1000 1050 1100 1150 1200 1250 1300 1350 1400 1450 1500 1550 1600 1650 1700 1750 1800 1850 1900 1950 2000 2050 2100 2150 2200 2250 2300 2350 2400 2450 2500 2550 2600 2650 2700 2750 2800 2850 2900 2950 3000 3050
  tag_recapture[Tags2007_R1_R1].detection_probability	1
  tag_recapture[Tags2007_R1_R1].dispersion	1
  tag_recapture[Tags2007_R1_R1].do_bootstrap	True
  tag_recapture[Tags2007_R1_R1].plus_group	False
  tag_recapture[Tags2007_R1_R1].proportion_mortality	0.5
  tag_recapture[Tags2007_R1_R1].r	1e-11
  tag_recapture[Tags2007_R1_R1].recaptured_2008	0 0 0 0 0 0 0 0 0 0 0 0 0 0 0 0 0 0 0 0 0 0 0 0 0 0 0 0 0 0 0 0 0 0 0 0 0 0 0 0 0 0 0 0 0 0 0 0 0 0 0 0 0 0 0 0 0 0 0
  tag_recapture[Tags2007_R1_R1].recaptured_2009	0 0 0 0 0 0 0 0 0 0 0 0 0 0 0 0 0 0.1 0.1 0.1 0.1 0.1 0.1 0.1 0.1 0.1 0 0 0 0 0 0 0 0 0 0 0 0 0 0 0 0 0 0 0 0 0 0 0 0 0 0 0 0 0 0 0 0 0
  tag_recapture[Tags2007_R1_R1].recaptured_2010	0 0 0 0 0 0 0 0 0 0 0 0 0 0 0 0 0 0 0 0 0 0 0 0 0 0 0 0 0 0 0 0 0 0 0 0 0 0 0 0 0 0 0 0 0 0 0 0 0 0 0 0 0 0 0 0 0 0 0
  tag_recapture[Tags2007_R1_R1].sample	size
  tag_recapture[Tags2007_R1_R1].scanned_2008	0 0 0 0 0 0 0 4 10 30 88 234 560 1224 2428 4378 7196 10812 14892 18870 22076 23948 24202 22892 20368 17128 13674 10400 7554 5250 3490 2220 1350 782 432 228 114 54 24 10 4 2 0 0 0 0 0 0 0 0 0 0 0 0 0 0 0 0 0
  tag_recapture[Tags2007_R1_R1].scanned_2009	0 0 0 0 0 0 0 4 10 32 90 238 570 1244 2466 4446 7304 10966 15090 19096 22310 24162 24370 23000 20412 17118 13622 10326 7474 5176 3428 2174 1316 760 418 220 110 52 24 10 4 2 0 0 0 0 0 0 0 0 0 0 0 0 0 0 0 0 0
  tag_recapture[Tags2007_R1_R1].scanned_2010	0 0 0 0 0 0 0 4 10 32 92 242 580 1266 2506 4516 7414 11120 15286 19320 22540 24372 24534 23102 20452 17102 13568 10252 7396 5104 3370 2128 1284 740 406 212 106 50 22 10 4 2 0 0 0 0 0 0 0 0 0 0 0 0 0 0 0 0 0
  tag_recapture[Tags2007_R1_R1].step	1
  tag_recapture[Tags2007_R1_R1].tag_name	Tags2007_R1
  tag_recapture[Tags2007_R1_R1].years	2008 2009 2010
  vector_average_penalty[1].k   	1
  vector_average_penalty[1].label	meanYCS_1
  vector_average_penalty[1].multiplier	100
  vector_average_penalty[1].vector	recruitment.YCS
Stored as DOUBLEs: 
Stored as VECTORs: 
Stored as OGIVEs: 

Population parameters:
Stored as strings: 
  annual_cycle.M_props          	1
  annual_cycle.aging_time       	1
  annual_cycle.baranov          	False
  annual_cycle.fishery_areas    	R1
  annual_cycle.fishery_names    	LL
  annual_cycle.fishery_times    	1
  annual_cycle.growth_props     	0
  annual_cycle.n_migrations     	0
  annual_cycle.recruitment_areas	R1
  annual_cycle.recruitment_time 	1
  annual_cycle.spawning_all_areas	1
  annual_cycle.spawning_p       	1
  annual_cycle.spawning_part_mort	1
  annual_cycle.spawning_time    	1
  annual_cycle.spawning_use_total_B	False
  annual_cycle.time_steps       	1
  area_names                    	R1
  current                       	2010
  final                         	2045
  first_random_year             	2007
  fishery[LL].U_max             	0.95
  fishery[LL].catches           	0 6000 6000 6000 6000 6000 6000 6000 6000 6000 6000 6000 6000 6000 6000 6000 6000 6000 6000 6000 6000
  fishery[LL].future_constant_catches	200
  fishery[LL].selectivity       	SelLL
  fishery[LL].years             	1990 1991 1992 1993 1994 1995 1996 1997 1998 1999 2000 2001 2002 2003 2004 2005 2006 2007 2008 2009 2010
  initial                       	1990
  initialization.B0             	304693
  mature_partition              	False
  maturity_props.all            	allvalues  0.0023 0.0035 0.0056 0.0087 0.0136 0.0213 0.0331 0.0511 0.0781 0.1176 0.1732 0.2479 0.3415 0.4492 0.562 0.6687 0.7604 0.8331 0.8871 0.9251 0.9511 0.9683 0.9796 0.987 0.9917 0.9947 0.9966 0.9978 0.9986 0.9991 0.9994 0.9996 0.9998 0.9999 0.9999
  max_age                       	35
  min_age                       	1
  n_areas                       	1
  n_stocks                      	1
  n_tags                        	5
  natural_mortality.all         	0.13
  plus_group                    	True
  randomisation_method          	lognormal
  recruitment.SR                	BH
  recruitment.YCS               	1 1 1 1 1 1 1 1 1 1 1 1 1 1 1 1 1 1 1 1 1
  recruitment.YCS_years         	1989 1990 1991 1992 1993 1994 1995 1996 1997 1998 1999 2000 2001 2002 2003 2004 2005 2006 2007 2008 2009
  recruitment.first_free        	1989
  recruitment.last_free         	2006
  recruitment.p_male            	0.5
  recruitment.rho               	0
  recruitment.sigma_r           	0.6
  recruitment.steepness         	0.75
  recruitment.year_range        	1989 2006
  selectivity[SelLL].all        	double_normal 10 2 10
  selectivity_names             	SelLL
  sex_partition                 	False
  size_at_age.Linf              	1565
  size_at_age.by_length         	True
  size_at_age.cv                	0.122
  size_at_age.k                 	0.146
  size_at_age.t0                	0.015
  size_at_age_dist              	normal
  size_at_age_type              	von_Bert
  size_based                    	False
  size_weight.a                 	3.0088e-12
  size_weight.b                 	3.2064
  size_weight.verify_size_weight	500 0.5 1.5
  standardise_YCS               	True
  tag[Tags2005_R1_LL].area      	R1
  tag[Tags2005_R1_LL].class_mins	100 150 200 250 300 350 400 450 500 550 600 650 700 750 800 850 900 950 1000 1050 1100 1150 1200 1250 1300 1350 1400 1450 1500 1550 1600 1650 1700 1750 1800 1850 1900 1950 2000 2050 2100 2150 2200 2250 2300 2350 2400 2450 2500 2550 2600 2650 2700 2750 2800 2850 2900 2950 3000 3050
  tag[Tags2005_R1_LL].mature_only	False
  tag[Tags2005_R1_LL].mortality 	0.1
  tag[Tags2005_R1_LL].number    	2
  tag[Tags2005_R1_LL].ogive     	SelLL
  tag[Tags2005_R1_LL].plus_group	False
  tag[Tags2005_R1_LL].props_all 	0 0 0 0 0 0 0 0 0 0 1e-04 4e-04 0.0013 0.0035 0.0081 0.0164 0.0291 0.0451 0.0616 0.0741 0.0791 0.0764 0.0686 0.0603 0.0549 0.0533 0.0543 0.0554 0.0546 0.0507 0.044 0.0356 0.0268 0.0187 0.0121 0.0073 0.0041 0.0021 0.001 5e-04 2e-04 1e-04 0 0 0 0 0 0 0 0 0 0 0 0 0 0 0 0 0
  tag[Tags2005_R1_LL].release_type	deterministic
  tag[Tags2005_R1_LL].sex       	both
  tag[Tags2005_R1_LL].step      	1
  tag[Tags2005_R1_LL].tag_name  	Tags2005_R1
  tag[Tags2005_R1_LL].year      	2005
  tag[Tags2006_R1_LL].area      	R1
  tag[Tags2006_R1_LL].class_mins	100 150 200 250 300 350 400 450 500 550 600 650 700 750 800 850 900 950 1000 1050 1100 1150 1200 1250 1300 1350 1400 1450 1500 1550 1600 1650 1700 1750 1800 1850 1900 1950 2000 2050 2100 2150 2200 2250 2300 2350 2400 2450 2500 2550 2600 2650 2700 2750 2800 2850 2900 2950 3000 3050
  tag[Tags2006_R1_LL].mature_only	False
  tag[Tags2006_R1_LL].mortality 	0.1
  tag[Tags2006_R1_LL].number    	2
  tag[Tags2006_R1_LL].ogive     	SelLL
  tag[Tags2006_R1_LL].plus_group	False
  tag[Tags2006_R1_LL].props_all 	0 0 0 0 0 0 0 0 0 0 0 0 2e-04 5e-04 0.0013 0.0031 0.0068 0.0138 0.0252 0.0418 0.063 0.0862 0.1071 0.1208 0.1237 0.115 0.097 0.0743 0.0516 0.0326 0.0187 0.0097 0.0046 0.002 8e-04 3e-04 1e-04 0 0 0 0 0 0 0 0 0 0 0 0 0 0 0 0 0 0 0 0 0 0
  tag[Tags2006_R1_LL].release_type	deterministic
  tag[Tags2006_R1_LL].sex       	both
  tag[Tags2006_R1_LL].step      	1
  tag[Tags2006_R1_LL].tag_name  	Tags2006_R1
  tag[Tags2006_R1_LL].year      	2006
  tag[Tags2007_R1_LL].area      	R1
  tag[Tags2007_R1_LL].class_mins	100 150 200 250 300 350 400 450 500 550 600 650 700 750 800 850 900 950 1000 1050 1100 1150 1200 1250 1300 1350 1400 1450 1500 1550 1600 1650 1700 1750 1800 1850 1900 1950 2000 2050 2100 2150 2200 2250 2300 2350 2400 2450 2500 2550 2600 2650 2700 2750 2800 2850 2900 2950 3000 3050
  tag[Tags2007_R1_LL].mature_only	False
  tag[Tags2007_R1_LL].mortality 	0.1
  tag[Tags2007_R1_LL].number    	2
  tag[Tags2007_R1_LL].ogive     	SelLL
  tag[Tags2007_R1_LL].plus_group	False
  tag[Tags2007_R1_LL].props_all 	0 0 0 0 0 0 0 0 0 1e-04 4e-04 0.0014 0.004 0.0098 0.0207 0.0381 0.0608 0.0849 0.1046 0.1152 0.1155 0.1074 0.0938 0.0774 0.06 0.0432 0.0286 0.0171 0.0093 0.0045 0.002 8e-04 3e-04 1e-04 0 0 0 0 0 0 0 0 0 0 0 0 0 0 0 0 0 0 0 0 0 0 0 0 0
  tag[Tags2007_R1_LL].release_type	deterministic
  tag[Tags2007_R1_LL].sex       	both
  tag[Tags2007_R1_LL].step      	1
  tag[Tags2007_R1_LL].tag_name  	Tags2007_R1
  tag[Tags2007_R1_LL].year      	2007
  tag[Tags2008_R1_LL].area      	R1
  tag[Tags2008_R1_LL].class_mins	100 150 200 250 300 350 400 450 500 550 600 650 700 750 800 850 900 950 1000 1050 1100 1150 1200 1250 1300 1350 1400 1450 1500 1550 1600 1650 1700 1750 1800 1850 1900 1950 2000 2050 2100 2150 2200 2250 2300 2350 2400 2450 2500 2550 2600 2650 2700 2750 2800 2850 2900 2950 3000 3050
  tag[Tags2008_R1_LL].mature_only	False
  tag[Tags2008_R1_LL].mortality 	0.1
  tag[Tags2008_R1_LL].number    	2
  tag[Tags2008_R1_LL].ogive     	SelLL
  tag[Tags2008_R1_LL].plus_group	False
  tag[Tags2008_R1_LL].props_all 	0 0 0 0 0 0 0 0 0 0 0 2e-04 5e-04 0.0015 0.0038 0.0083 0.0161 0.0279 0.043 0.0592 0.0732 0.082 0.0845 0.0819 0.0767 0.0714 0.0668 0.0624 0.0571 0.0501 0.0415 0.0322 0.0232 0.0156 0.0097 0.0056 0.003 0.0015 7e-04 3e-04 1e-04 0 0 0 0 0 0 0 0 0 0 0 0 0 0 0 0 0 0
  tag[Tags2008_R1_LL].release_type	deterministic
  tag[Tags2008_R1_LL].sex       	both
  tag[Tags2008_R1_LL].step      	1
  tag[Tags2008_R1_LL].tag_name  	Tags2008_R1
  tag[Tags2008_R1_LL].year      	2008
  tag[Tags2009_R1_LL].area      	R1
  tag[Tags2009_R1_LL].class_mins	100 150 200 250 300 350 400 450 500 550 600 650 700 750 800 850 900 950 1000 1050 1100 1150 1200 1250 1300 1350 1400 1450 1500 1550 1600 1650 1700 1750 1800 1850 1900 1950 2000 2050 2100 2150 2200 2250 2300 2350 2400 2450 2500 2550 2600 2650 2700 2750 2800 2850 2900 2950 3000 3050
  tag[Tags2009_R1_LL].mature_only	False
  tag[Tags2009_R1_LL].mortality 	0.1
  tag[Tags2009_R1_LL].number    	2
  tag[Tags2009_R1_LL].ogive     	SelLL
  tag[Tags2009_R1_LL].plus_group	False
  tag[Tags2009_R1_LL].props_all 	0 0 0 0 0 0 0 0 0 0 0 1e-04 3e-04 9e-04 0.0023 0.0053 0.0112 0.0212 0.0361 0.0556 0.0774 0.0978 0.1125 0.118 0.1135 0.1003 0.0817 0.0615 0.0429 0.0277 0.0165 0.0091 0.0046 0.0022 9e-04 4e-04 1e-04 0 0 0 0 0 0 0 0 0 0 0 0 0 0 0 0 0 0 0 0 0 0
  tag[Tags2009_R1_LL].release_type	deterministic
  tag[Tags2009_R1_LL].sex       	both
  tag[Tags2009_R1_LL].step      	1
  tag[Tags2009_R1_LL].tag_name  	Tags2009_R1
  tag[Tags2009_R1_LL].year      	2009
  tag_growth_loss[Tags2005_R1].nogrowth_period	0
  tag_growth_loss[Tags2006_R1].nogrowth_period	0
  tag_growth_loss[Tags2007_R1].nogrowth_period	0
  tag_growth_loss[Tags2008_R1].nogrowth_period	0
  tag_growth_loss[Tags2009_R1].nogrowth_period	0
  tag_loss_props                	1
  tag_names                     	Tags2005_R1 Tags2006_R1 Tags2007_R1 Tags2008_R1 Tags2009_R1
  tag_shedding_rate             	0.0084 0.0084 0.0084 0.0084 0.0084
  y_enter                       	1
Stored as DOUBLEs: 
Stored as VECTORs: 
Stored as OGIVEs: 

Output parameters:
Stored as strings: 
  n_projections                 	100
  numbers_at[Numbers_at_age_R1].area	R1
  numbers_at[Numbers_at_age_R1].proportion_mortality	0.5
  numbers_at[Numbers_at_age_R1].step	1
  numbers_at[Numbers_at_age_R1].years	1990 1991 1992 1993 1994 1995 1996 1997 1998 1999 2000 2001 2002 2003 2004 2005 2006 2007 2008 2009 2010
  print.covariance              	true
  print.estimation_section      	true
  print.final_state             	false
  print.fits                    	true
  print.fits_every_eval         	false
  print.initial_state           	false
  print.normalised_resids       	true
  print.objective_every_eval    	false
  print.parameter_vector_every_eval	false
  print.parameters              	true
  print.parameters_every_eval   	false
  print.pearson_resids          	true
  print.requests                	false
  print.resids                  	true
  print.results                 	false
  print.state_annually          	false
  print.state_every_step        	false
  print.unused_parameters       	true
  print.yields                  	true
  quantities.B0                 	true
  quantities.R0                 	true
  quantities.SSBs               	true
  quantities.YCS                	true
  quantities.actual_catches     	false
  quantities.all_free_parameters	true
  quantities.fishing_pressures  	true
  quantities.nuisance_qs        	true
  quantities.recruitments       	true
  quantities.true_YCS           	true
Stored as DOUBLEs: 
Stored as VECTORs: 
Stored as OGIVEs: 

A fish of size 500 cm has a weight of 1.35635 kg in your model. This size-weight scale check assumes that the growth curve is in centimetres, and that the catch is in tonnes.

A fish of size 500 cm has a weight of 1.35635 kg in your model. This size-weight scale check assumes that the growth curve is in centimetres, and that the catch is in tonnes.

Estimation section :

Objective function: Bayes

Minimiser convergence threshold: 0.001


Observations:

The observations are:
LL_catchA
Tags2006_R1_R1
Tags2007_R1_R1
Fits follow:

LL_catchA :
catch proportions-at-age for fishery LL  with ageing error (not constrained to sum to 1):
obs (last class is a plus group):
class 1       2       3       4       5       6       7       8       9       10      11      12      13      14      15      16      17      18      19      20      21      
2000 0       0       0       0       0       0       0.1     0.1     0       0.2     0.4     0       0.1     0       0       0       0       0       0.1     0       0       
2001 0       0       0       0       0       0       0       0.2     0.2     0       0.3     0.1     0.1     0       0       0       0       0.1     0       0       0       
2002 0       0       0       0       0       0       0       0.1     0.2     0.2     0.1     0.2     0.1     0       0.1     0       0       0       0       0       0       
2003 0       0       0       0       0       0       0.1     0.1     0.3     0       0.1     0       0       0.1     0.2     0       0       0       0       0       0.1     
2004 0       0       0       0       0       0       0.2     0       0.2     0.1     0.4     0       0       0       0.1     0       0       0       0       0       0       
2005 0       0       0       0       0       0.1     0       0.1     0.3     0       0.2     0       0.2     0.1     0       0       0       0       0       0       0       
2006 0       0       0       0       0       0.1     0.1     0.3     0       0       0       0.1     0       0.1     0.1     0       0       0.1     0.1     0       0       
2007 0       0       0       0       0       0       0       0.4     0.1     0.1     0.3     0.1     0       0       0       0       0       0       0       0       0       
2008 0       0       0       0       0       0       0       0.2     0.3     0.1     0.1     0       0.2     0.1     0       0       0       0       0       0       0       
2009 0       0       0       0       0       0       0.1     0.1     0.2     0.2     0.1     0.1     0       0.1     0       0       0       0       0.1     0       0       
2010 0       0       0       0       0       0       0       0.1     0.2     0.1     0.1     0       0.1     0.2     0       0.2     0       0       0       0       0       
objective function: multinomial likelihood, with delta = 1e-011, N =
100 100 100 100 100 100 100 100 100 100 100 100 100 100 100 100 100 100 100 100 100 
100 100 100 100 100 100 100 100 100 100 100 100 100 100 100 100 100 100 100 100 100 
100 100 100 100 100 100 100 100 100 100 100 100 100 100 100 100 100 100 100 100 100 
100 100 100 100 100 100 100 100 100 100 100 100 100 100 100 100 100 100 100 100 100 
100 100 100 100 100 100 100 100 100 100 100 100 100 100 100 100 100 100 100 100 100 
100 100 100 100 100 100 100 100 100 100 100 100 100 100 100 100 100 100 100 100 100 
100 100 100 100 100 100 100 100 100 100 100 100 100 100 100 100 100 100 100 100 100 
100 100 100 100 100 100 100 100 100 100 100 100 100 100 100 100 100 100 100 100 100 
100 100 100 100 100 100 100 100 100 100 100 100 100 100 100 100 100 100 100 100 100 
100 100 100 100 100 100 100 100 100 100 100 100 100 100 100 100 100 100 100 100 100 
100 100 100 100 100 100 100 100 100 100 100 100 100 100 100 100 100 100 100 100 100 

Tags2006_R1_R1 :
tag-recapture data for tag Tags2006_R1 in years 2007 2008 2009 2010 , step 1, after proportion 0.5 of mortality, with sampling method size, detection probability 1.
Year 2007
class scanned recaptured
100 0 0
150 0 0
200 0 0
250 0 0
300 0 0
350 0 0
400 0 0
450 4 0
500 10 0
550 30 0
600 88 0
650 230 0
700 552 0
750 1204 0
800 2388 0
850 4310 0
900 7088 0
950 10658 0
1000 14694 0
1050 18638 0
1100 21836 0
1150 23728 0.1
1200 24024 0.1
1250 22774 0.1
1300 20316 0.1
1350 17134 0.1
1400 13722 0.1
1450 10472 0.1
1500 7636 0.1
1550 5326 0
1600 3556 0
1650 2270 0
1700 1386 0
1750 808 0
1800 448 0
1850 236 0
1900 118 0
1950 56 0
2000 26 0
2050 10 0
2100 4 0
2150 2 0
2200 0 0
2250 0 0
2300 0 0
2350 0 0
2400 0 0
2450 0 0
2500 0 0
2550 0 0
2600 0 0
2650 0 0
2700 0 0
2750 0 0
2800 0 0
2850 0 0
2900 0 0
2950 0 0
3000 0 0


Year 2008
class scanned recaptured
100 0 0
150 0 0
200 0 0
250 0 0
300 0 0
350 0 0
400 0 0
450 4 0
500 10 0
550 30 0
600 88 0
650 234 0
700 560 0
750 1224 0
800 2428 0
850 4378 0
900 7196 0
950 10812 0
1000 14892 0
1050 18870 0
1100 22076 0
1150 23948 0
1200 24202 0
1250 22892 0
1300 20368 0
1350 17128 0
1400 13674 0
1450 10400 0
1500 7554 0
1550 5250 0
1600 3490 0
1650 2220 0
1700 1350 0
1750 782 0
1800 432 0
1850 228 0
1900 114 0
1950 54 0
2000 24 0
2050 10 0
2100 4 0
2150 2 0
2200 0 0
2250 0 0
2300 0 0
2350 0 0
2400 0 0
2450 0 0
2500 0 0
2550 0 0
2600 0 0
2650 0 0
2700 0 0
2750 0 0
2800 0 0
2850 0 0
2900 0 0
2950 0 0
3000 0 0


Year 2009
class scanned recaptured
100 0 0
150 0 0
200 0 0
250 0 0
300 0 0
350 0 0
400 0 0
450 4 0
500 10 0
550 32 0
600 90 0
650 238 0
700 570 0
750 1244 0
800 2466 0
850 4446 0
900 7304 0
950 10966 0
1000 15090 0
1050 19096 0
1100 22310 0
1150 24162 0
1200 24370 0
1250 23000 0
1300 20412 0
1350 17118 0
1400 13622 0
1450 10326 0
1500 7474 0
1550 5176 0
1600 3428 0
1650 2174 0
1700 1316 0
1750 760 0
1800 418 0
1850 220 0
1900 110 0
1950 52 0
2000 24 0
2050 10 0
2100 4 0
2150 2 0
2200 0 0
2250 0 0
2300 0 0
2350 0 0
2400 0 0
2450 0 0
2500 0 0
2550 0 0
2600 0 0
2650 0 0
2700 0 0
2750 0 0
2800 0 0
2850 0 0
2900 0 0
2950 0 0
3000 0 0


Year 2010
class scanned recaptured
100 0 0
150 0 0
200 0 0
250 0 0
300 0 0
350 0 0
400 0 0
450 4 0
500 10 0
550 32 0
600 92 0
650 242 0
700 580 0
750 1266 0
800 2506 0
850 4516 0
900 7414 0
950 11120 0
1000 15286 0
1050 19320 0
1100 22540 0
1150 24372 0
1200 24534 0
1250 23102 0
1300 20452 0
1350 17102 0
1400 13568 0
1450 10252 0
1500 7396 0
1550 5104 0
1600 3370 0
1650 2128 0
1700 1284 0
1750 740 0
1800 406 0
1850 212 0
1900 106 0
1950 50 0
2000 22 0
2050 10 0
2100 4 0
2150 2 0
2200 0 0
2250 0 0
2300 0 0
2350 0 0
2400 0 0
2450 0 0
2500 0 0
2550 0 0
2600 0 0
2650 0 0
2700 0 0
2750 0 0
2800 0 0
2850 0 0
2900 0 0
2950 0 0
3000 0 0


Tags2007_R1_R1 :
tag-recapture data for tag Tags2007_R1 in years 2008 2009 2010 , step 1, after proportion 0.5 of mortality, with sampling method size, detection probability 1.
Year 2008
class scanned recaptured
100 0 0
150 0 0
200 0 0
250 0 0
300 0 0
350 0 0
400 0 0
450 4 0
500 10 0
550 30 0
600 88 0
650 234 0
700 560 0
750 1224 0
800 2428 0
850 4378 0
900 7196 0
950 10812 0
1000 14892 0
1050 18870 0
1100 22076 0
1150 23948 0
1200 24202 0
1250 22892 0
1300 20368 0
1350 17128 0
1400 13674 0
1450 10400 0
1500 7554 0
1550 5250 0
1600 3490 0
1650 2220 0
1700 1350 0
1750 782 0
1800 432 0
1850 228 0
1900 114 0
1950 54 0
2000 24 0
2050 10 0
2100 4 0
2150 2 0
2200 0 0
2250 0 0
2300 0 0
2350 0 0
2400 0 0
2450 0 0
2500 0 0
2550 0 0
2600 0 0
2650 0 0
2700 0 0
2750 0 0
2800 0 0
2850 0 0
2900 0 0
2950 0 0
3000 0 0


Year 2009
class scanned recaptured
100 0 0
150 0 0
200 0 0
250 0 0
300 0 0
350 0 0
400 0 0
450 4 0
500 10 0
550 32 0
600 90 0
650 238 0
700 570 0
750 1244 0
800 2466 0
850 4446 0
900 7304 0
950 10966 0.1
1000 15090 0.1
1050 19096 0.1
1100 22310 0.1
1150 24162 0.1
1200 24370 0.1
1250 23000 0.1
1300 20412 0.1
1350 17118 0.1
1400 13622 0
1450 10326 0
1500 7474 0
1550 5176 0
1600 3428 0
1650 2174 0
1700 1316 0
1750 760 0
1800 418 0
1850 220 0
1900 110 0
1950 52 0
2000 24 0
2050 10 0
2100 4 0
2150 2 0
2200 0 0
2250 0 0
2300 0 0
2350 0 0
2400 0 0
2450 0 0
2500 0 0
2550 0 0
2600 0 0
2650 0 0
2700 0 0
2750 0 0
2800 0 0
2850 0 0
2900 0 0
2950 0 0
3000 0 0


Year 2010
class scanned recaptured
100 0 0
150 0 0
200 0 0
250 0 0
300 0 0
350 0 0
400 0 0
450 4 0
500 10 0
550 32 0
600 92 0
650 242 0
700 580 0
750 1266 0
800 2506 0
850 4516 0
900 7414 0
950 11120 0
1000 15286 0
1050 19320 0
1100 22540 0
1150 24372 0
1200 24534 0
1250 23102 0
1300 20452 0
1350 17102 0
1400 13568 0
1450 10252 0
1500 7396 0
1550 5104 0
1600 3370 0
1650 2128 0
1700 1284 0
1750 740 0
1800 406 0
1850 212 0
1900 106 0
1950 50 0
2000 22 0
2050 10 0
2100 4 0
2150 2 0
2200 0 0
2250 0 0
2300 0 0
2350 0 0
2400 0 0
2450 0 0
2500 0 0
2550 0 0
2600 0 0
2650 0 0
2700 0 0
2750 0 0
2800 0 0
2850 0 0
2900 0 0
2950 0 0
3000 0 0



Ageing_error:
  Misclassification matrix:
1 0 0 0 0 0 0 0 0 0 0 0 0 0 0 0 0 0 0 0 0 0 0 0 0 0 0 0 0 0 0 0 0 0 0 
0 1 0 0 0 0 0 0 0 0 0 0 0 0 0 0 0 0 0 0 0 0 0 0 0 0 0 0 0 0 0 0 0 0 0 
0 0 1 0 0 0 0 0 0 0 0 0 0 0 0 0 0 0 0 0 0 0 0 0 0 0 0 0 0 0 0 0 0 0 0 
0 0 0 1 0 0 0 0 0 0 0 0 0 0 0 0 0 0 0 0 0 0 0 0 0 0 0 0 0 0 0 0 0 0 0 
0 0 0 0 1 0 0 0 0 0 0 0 0 0 0 0 0 0 0 0 0 0 0 0 0 0 0 0 0 0 0 0 0 0 0 
0 0 0 0 0 1 0 0 0 0 0 0 0 0 0 0 0 0 0 0 0 0 0 0 0 0 0 0 0 0 0 0 0 0 0 
0 0 0 0 0 0 1 0 0 0 0 0 0 0 0 0 0 0 0 0 0 0 0 0 0 0 0 0 0 0 0 0 0 0 0 
0 0 0 0 0 0 0 1 0 0 0 0 0 0 0 0 0 0 0 0 0 0 0 0 0 0 0 0 0 0 0 0 0 0 0 
0 0 0 0 0 0 0 0 1 0 0 0 0 0 0 0 0 0 0 0 0 0 0 0 0 0 0 0 0 0 0 0 0 0 0 
0 0 0 0 0 0 0 0 0 1 0 0 0 0 0 0 0 0 0 0 0 0 0 0 0 0 0 0 0 0 0 0 0 0 0 
0 0 0 0 0 0 0 0 0 0 1 0 0 0 0 0 0 0 0 0 0 0 0 0 0 0 0 0 0 0 0 0 0 0 0 
0 0 0 0 0 0 0 0 0 0 0 1 0 0 0 0 0 0 0 0 0 0 0 0 0 0 0 0 0 0 0 0 0 0 0 
0 0 0 0 0 0 0 0 0 0 0 0 1 0 0 0 0 0 0 0 0 0 0 0 0 0 0 0 0 0 0 0 0 0 0 
0 0 0 0 0 0 0 0 0 0 0 0 0 1 0 0 0 0 0 0 0 0 0 0 0 0 0 0 0 0 0 0 0 0 0 
0 0 0 0 0 0 0 0 0 0 0 0 0 0 1 0 0 0 0 0 0 0 0 0 0 0 0 0 0 0 0 0 0 0 0 
0 0 0 0 0 0 0 0 0 0 0 0 0 0 0 1 0 0 0 0 0 0 0 0 0 0 0 0 0 0 0 0 0 0 0 
0 0 0 0 0 0 0 0 0 0 0 0 0 0 0 0 1 0 0 0 0 0 0 0 0 0 0 0 0 0 0 0 0 0 0 
0 0 0 0 0 0 0 0 0 0 0 0 0 0 0 0 0 1 0 0 0 0 0 0 0 0 0 0 0 0 0 0 0 0 0 
0 0 0 0 0 0 0 0 0 0 0 0 0 0 0 0 0 0 1 0 0 0 0 0 0 0 0 0 0 0 0 0 0 0 0 
0 0 0 0 0 0 0 0 0 0 0 0 0 0 0 0 0 0 0 1 0 0 0 0 0 0 0 0 0 0 0 0 0 0 0 
0 0 0 0 0 0 0 0 0 0 0 0 0 0 0 0 0 0 0 0 1 0 0 0 0 0 0 0 0 0 0 0 0 0 0 
0 0 0 0 0 0 0 0 0 0 0 0 0 0 0 0 0 0 0 0 0 1 0 0 0 0 0 0 0 0 0 0 0 0 0 
0 0 0 0 0 0 0 0 0 0 0 0 0 0 0 0 0 0 0 0 0 0 1 0 0 0 0 0 0 0 0 0 0 0 0 
0 0 0 0 0 0 0 0 0 0 0 0 0 0 0 0 0 0 0 0 0 0 0 1 0 0 0 0 0 0 0 0 0 0 0 
0 0 0 0 0 0 0 0 0 0 0 0 0 0 0 0 0 0 0 0 0 0 0 0 1 0 0 0 0 0 0 0 0 0 0 
0 0 0 0 0 0 0 0 0 0 0 0 0 0 0 0 0 0 0 0 0 0 0 0 0 1 0 0 0 0 0 0 0 0 0 
0 0 0 0 0 0 0 0 0 0 0 0 0 0 0 0 0 0 0 0 0 0 0 0 0 0 1 0 0 0 0 0 0 0 0 
0 0 0 0 0 0 0 0 0 0 0 0 0 0 0 0 0 0 0 0 0 0 0 0 0 0 0 1 0 0 0 0 0 0 0 
0 0 0 0 0 0 0 0 0 0 0 0 0 0 0 0 0 0 0 0 0 0 0 0 0 0 0 0 1 0 0 0 0 0 0 
0 0 0 0 0 0 0 0 0 0 0 0 0 0 0 0 0 0 0 0 0 0 0 0 0 0 0 0 0 1 0 0 0 0 0 
0 0 0 0 0 0 0 0 0 0 0 0 0 0 0 0 0 0 0 0 0 0 0 0 0 0 0 0 0 0 1 0 0 0 0 
0 0 0 0 0 0 0 0 0 0 0 0 0 0 0 0 0 0 0 0 0 0 0 0 0 0 0 0 0 0 0 1 0 0 0 
0 0 0 0 0 0 0 0 0 0 0 0 0 0 0 0 0 0 0 0 0 0 0 0 0 0 0 0 0 0 0 0 1 0 0 
0 0 0 0 0 0 0 0 0 0 0 0 0 0 0 0 0 0 0 0 0 0 0 0 0 0 0 0 0 0 0 0 0 1 0 
0 0 0 0 0 0 0 0 0 0 0 0 0 0 0 0 0 0 0 0 0 0 0 0 0 0 0 0 0 0 0 0 0 0 1 

Free parameters:

initialization.B0
uniform: bounds from 5000 to 500000
current value: 304693
lower bound: 5000
upper bound: 500000

recruitment.YCS
lognormal with means 1 1 1 1 1 1 1 1 1 1 1 1 1 1 1 1 1 1 1 1 1 c.v.s 1 1 1 1 1 1 1 1 1 1 1 1 1 1 1 1 1 1 1 1 1 :
bounds of
0.001 0.001 0.001 0.001 0.001 0.001 0.001 0.001 0.001 0.001 0.001 0.001 0.001 0.001 0.001 0.001 0.001 0.001 1 1 1 
100 100 100 100 100 100 100 100 100 100 100 100 100 100 100 100 100 100 1 1 1 
current values: 1 1 1 1 1 1 1 1 1 1 1 1 1 1 1 1 1 1 1 1 1 
lower bounds: 0.001 0.001 0.001 0.001 0.001 0.001 0.001 0.001 0.001 0.001 0.001 0.001 0.001 0.001 0.001 0.001 0.001 0.001 1 1 1 
upper bounds: 100 100 100 100 100 100 100 100 100 100 100 100 100 100 100 100 100 100 1 1 1 


Q's:
qs are nuisance parameters

Penalties:
LL_Penalty :
Catch limit penalty of 1000 x the sum of squares of (log(actual catch) - log(specified catch)) for fishery LL to disencourage breaking exploitation rate limits
meanYCS_1 :
Vector average penalty of 100 x square of (mean(recruitment.YCS) - 1) 
Penalty_Tags2005_R1_LL :
'Fish-must-be-tagged' penalty of 1 x square of (actual number of tagged fish - nominal number of tagged fish) for tagging episode Tags2005_R1_LL
Penalty_Tags2006_R1_LL :
'Fish-must-be-tagged' penalty of 1 x square of (actual number of tagged fish - nominal number of tagged fish) for tagging episode Tags2006_R1_LL
Penalty_Tags2007_R1_LL :
'Fish-must-be-tagged' penalty of 1 x square of (actual number of tagged fish - nominal number of tagged fish) for tagging episode Tags2007_R1_LL
Penalty_Tags2008_R1_LL :
'Fish-must-be-tagged' penalty of 1 x square of (actual number of tagged fish - nominal number of tagged fish) for tagging episode Tags2008_R1_LL
Penalty_Tags2009_R1_LL :
'Fish-must-be-tagged' penalty of 1 x square of (actual number of tagged fish - nominal number of tagged fish) for tagging episode Tags2009_R1_LL

Components of the objective function are:
  LL_catchA
  Tags2006_R1_R1
  Tags2007_R1_R1
  prior_on_initialization.B0
  prior_on_recruitment.YCS
  LL_Penalty
  meanYCS_1
  Penalty_Tags2005_R1_LL
  Penalty_Tags2006_R1_LL
  Penalty_Tags2007_R1_LL
  Penalty_Tags2008_R1_LL
  Penalty_Tags2009_R1_LL

Random number seed : 21389


Minimiser achieved convergence after 36 quasi-Newton iterations using 65 objective function evaluations



Approximate Covariance matrix (Inverse Hessian of parameters at point estimate):
1.14202e+007 -299.59 -163.203 0.861134 -66.8066 -42.2768 -42.5696 7.88021 14.7415 59.7218 87.3301 293.503 215.367 153.797 244.962 24.3829 37.6589 -32.029 -16.1241 0 0 0 
-299.59 0.0522936 0.015764 0.000469653 0.0119072 0.0109987 0.0126288 0.00711575 0.0104665 0.00493387 0.00462766 0.01176 0.00622774 0.00358174 -0.00128656 0.00162495 0.000920902 0.00220555 -0.00451139 0 0 0 
-163.203 0.015764 0.0284273 0.0011594 0.00869558 0.0078727 0.0101068 0.00462514 0.00754975 0.00570328 0.00431113 0.0092569 0.00367471 0.00234157 0.00106849 0.00112042 0.00110387 -0.00103623 -0.000180322 0 0 0 
0.861134 0.000469653 0.0011594 0.00322961 0.00148387 0.00136284 0.00261115 0.000689768 0.00196066 0.00149602 0.00152672 0.0037904 0.00167792 0.00100364 0.00137877 0.000730763 -0.000525111 -0.00164624 0.00127573 0 0 0 
-66.8066 0.0119072 0.00869558 0.00148387 0.0194669 0.00740119 0.00952395 0.00572781 0.00746997 0.00569119 0.00502563 0.0118211 0.00669946 0.00432865 0.00271361 0.000777317 9.13065e-005 -0.000974693 -0.0024311 0 0 0 
-42.2768 0.0109987 0.0078727 0.00136284 0.00740119 0.0175191 0.00866858 0.00507263 0.00769748 0.00542679 0.00501474 0.0117327 0.00672869 0.00437757 0.00278333 0.00089533 0.000397729 -0.00112962 -0.00203211 0 0 0 
-42.5696 0.0126288 0.0101068 0.00261115 0.00952395 0.00866858 0.0245559 0.00592641 0.0093815 0.00738412 0.0065819 0.0151815 0.00743765 0.00510866 0.00345517 0.00112006 4.71166e-006 -0.00356779 -0.00318684 0 0 0 
7.88021 0.00711575 0.00462514 0.000689768 0.00572781 0.00507263 0.00592641 0.0126265 0.00530588 0.00408577 0.0030751 0.0101837 0.00576537 0.00342777 0.0027011 0.0011315 0.00159295 -0.00184667 -0.00109528 0 0 0 
14.7415 0.0104665 0.00754975 0.00196066 0.00746997 0.00769748 0.0093815 0.00530588 0.0222241 0.006309 0.00637802 0.0149247 0.00839152 0.0054847 0.00393249 0.00103009 0.000238013 -0.00309629 -0.00340786 0 0 0 
59.7218 0.00493387 0.00570328 0.00149602 0.00569119 0.00542679 0.00738412 0.00408577 0.006309 0.0163483 0.00448222 0.0134966 0.00726654 0.00482183 0.00401449 0.0011637 0.00118318 -0.00221714 -0.00250912 0 0 0 
87.3301 0.00462766 0.00431113 0.00152672 0.00502563 0.00501474 0.0065819 0.0030751 0.00637802 0.00448222 0.0159813 0.0138024 0.00698381 0.00470715 0.00447496 0.00067029 0.000659214 -0.00304736 -0.0022889 0 0 0 
293.503 0.01176 0.0092569 0.0037904 0.0118211 0.0117327 0.0151815 0.0101837 0.0149247 0.0134966 0.0138024 0.0604203 0.0212762 0.0146687 0.0143259 0.00382145 0.0031256 -0.00428162 -0.00861121 0 0 0 
215.367 0.00622774 0.00367471 0.00167792 0.00669946 0.00672869 0.00743765 0.00576537 0.00839152 0.00726654 0.00698381 0.0212762 0.0346447 0.00761847 0.00765869 0.0012275 0.000400017 -0.00578817 -0.00578917 0 0 0 
153.797 0.00358174 0.00234157 0.00100364 0.00432865 0.00437757 0.00510866 0.00342777 0.0054847 0.00482183 0.00470715 0.0146687 0.00761847 0.0250445 0.0049971 -5.91401e-005 0.000808934 -0.00250932 -0.00648827 0 0 0 
244.962 -0.00128656 0.00106849 0.00137877 0.00271361 0.00278333 0.00345517 0.0027011 0.00393249 0.00401449 0.00447496 0.0143259 0.00765869 0.0049971 0.0388637 3.6384e-005 -0.000117926 -0.00449418 -0.00437961 0 0 0 
24.3829 0.00162495 0.00112042 0.000730763 0.000777317 0.00089533 0.00112006 0.0011315 0.00103009 0.0011637 0.00067029 0.00382145 0.0012275 -5.91401e-005 3.6384e-005 0.00722307 0.000930793 -0.00222803 6.63735e-005 0 0 0 
37.6589 0.000920902 0.00110387 -0.000525111 9.13065e-005 0.000397729 4.71166e-006 0.00159295 0.000238013 0.00118318 0.000659214 0.0031256 0.000400017 0.000808934 -0.000117926 0.000930793 0.0200963 -0.00194993 -0.00140496 0 0 0 
-32.029 0.00220555 -0.00103623 -0.00164624 -0.000974693 -0.00112962 -0.00356779 -0.00184667 -0.00309629 -0.00221714 -0.00304736 -0.00428162 -0.00578817 -0.00250932 -0.00449418 -0.00222803 -0.00194993 0.0409938 -0.0110363 0 0 0 
-16.1241 -0.00451139 -0.000180322 0.00127573 -0.0024311 -0.00203211 -0.00318684 -0.00109528 -0.00340786 -0.00250912 -0.0022889 -0.00861121 -0.00578917 -0.00648827 -0.00437961 6.63735e-005 -0.00140496 -0.0110363 0.0744071 0 0 0 
0 0 0 0 0 0 0 0 0 0 0 0 0 0 0 0 0 0 0 0 0 0 
0 0 0 0 0 0 0 0 0 0 0 0 0 0 0 0 0 0 0 0 0 0 
0 0 0 0 0 0 0 0 0 0 0 0 0 0 0 0 0 0 0 0 0 0 

Correlation matrix:
1 -0.387674 -0.286434 0.00448393 -0.141688 -0.0945169 -0.0803869 0.020752 0.0292612 0.138217 0.204419 0.353333 0.342392 0.287577 0.367697 0.0848962 0.0786093 -0.0468109 -0.0174917 -1.#IND -1.#IND -1.#IND 
-0.387674 1 0.40886 0.0361392 0.373196 0.363382 0.352419 0.27692 0.307018 0.168744 0.160078 0.209215 0.146315 0.0989724 -0.0285387 0.0836095 0.0284074 0.0476358 -0.0723235 -1.#IND -1.#IND -1.#IND 
-0.286434 0.40886 1 0.121001 0.369642 0.352777 0.382533 0.244127 0.300367 0.264558 0.202263 0.223361 0.117095 0.0877574 0.0321463 0.07819 0.0461839 -0.0303548 -0.00392079 -1.#IND -1.#IND -1.#IND 
0.00448393 0.0361392 0.121001 1 0.187143 0.181182 0.29321 0.108016 0.231427 0.205885 0.212509 0.271343 0.158628 0.111596 0.123068 0.151301 -0.0651806 -0.143073 0.0822958 -1.#IND -1.#IND -1.#IND 
-0.141688 0.373196 0.369642 0.187143 1 0.400772 0.435603 0.365341 0.359135 0.31902 0.284928 0.344682 0.257972 0.196042 0.0986568 0.0655524 0.00461631 -0.0345032 -0.0638774 -1.#IND -1.#IND -1.#IND 
-0.0945169 0.363382 0.352777 0.181182 0.400772 1 0.417941 0.341064 0.390104 0.320665 0.2997 0.36062 0.273122 0.208988 0.106669 0.0795915 0.021197 -0.0421521 -0.056284 -1.#IND -1.#IND -1.#IND 
-0.0803869 0.352419 0.382533 0.29321 0.435603 0.417941 1 0.336568 0.401589 0.36854 0.332252 0.394136 0.255 0.206003 0.111846 0.0841013 0.000212099 -0.112451 -0.0745548 -1.#IND -1.#IND -1.#IND 
0.020752 0.27692 0.244127 0.108016 0.365341 0.341064 0.336568 1 0.31674 0.284378 0.216477 0.368701 0.275656 0.192759 0.121935 0.118482 0.100001 -0.0811686 -0.0357335 -1.#IND -1.#IND -1.#IND 
0.0292612 0.307018 0.300367 0.231427 0.359135 0.390104 0.401589 0.31674 1 0.330987 0.338429 0.407287 0.30242 0.232479 0.133808 0.0813018 0.0112624 -0.102582 -0.0838035 -1.#IND -1.#IND -1.#IND 
0.138217 0.168744 0.264558 0.205885 0.31902 0.320665 0.36854 0.284378 0.330987 1 0.277301 0.429436 0.305333 0.238298 0.159266 0.107089 0.0652764 -0.0856441 -0.0719413 -1.#IND -1.#IND -1.#IND 
0.204419 0.160078 0.202263 0.212509 0.284928 0.2997 0.332252 0.216477 0.338429 0.277301 1 0.444176 0.296803 0.235286 0.179561 0.0623872 0.0367843 -0.119058 -0.0663763 -1.#IND -1.#IND -1.#IND 
